76
47
71
61
82
23
23
79
59
17
59
63
79
43
54
0
7
10
99
62
94
34
9
37
13
5
59
78
99
53
63
97
38
38
35
41
70
99
42
98
26
93
71
64
79
71
5
56
96
80
56
100
76
25
100
65
10
20
89
27
45
37
70
54
4
96
54
98
74
98
60
8
0
77
57
52
85
86
12
53
92
23
6
85
98
52
30
79
11
32
89
46
41
33
85
37
80
50
50
51
14
67
21
22
55
87
58
19
7
76
36
3
84
34
23
48
44
7
71
63
19
44
27
2
64
38
42
23
22
80
47
27
41
95
22
78
33
77
79
61
71
28
8
24
54
35
44
64
78
13
44
77
77
41
86
99
87
0
23
27
19
49
1
60
83
30
33
4
16
28
96
34
42
14
79
74
89
49
59
10
35
74
96
0
15
25
78
88
93
33
88
32
72
5
99
7
77
76
79
74
92
6
74
53
52
29
2
13
51
53
90
50
5
40
54
74
24
29
82
60
57
26
39
99
14
98
70
96
89
35
95
31
17
7
16
36
30
13
87
77
9
65
23
67
12
15
100
29
55
73
46
87
96
20
35
93
76
60
15
45
41
21
71
95
50
98
69
11
19
53
77
20
70
93
11
99
24
78
21
85
18
3
90
32
88
42
73
63
90
32
70
20
47
8
57
18
36
88
25
65
71
5
91
86
35
88
79
29
58
24
16
86
61
81
100
63
87
5
81
86
70
26
22
10
12
47
83
69
81
92
5
89
82
10
49
82
6
32
45
24
23
77
17
91
51
92
40
35
57
43
68
24
91
1
61
30
11
73
48
67
61
68
98
19
78
1
65
10
100
40
63
57
83
13
67
67
21
30
83
53
79
55
1
24
0
31
8
69
76
89
3
49
55
29
84
69
46
19
8
92
48
14
10
55
75
76
90
89
7
89
47
84
65
57
85
20
92
36
0
23
74
8
81
43
61
88
96
42
28
58
24
74
82
50
22
22
96
17
74
77
88
49
88
66
48
31
24
31
26
28
12
51
25
89
7
5
74
7
76
87
47
85
67
25
96
68
33
31
28
100
93
43
24
65
35
97
75
65
48
100
62
25
33
21
4
82
46
92
31
30
42
52
94
18
41
19
65
1
45
57
41
100
97
67
54
20
63
46
23
99
18
65
35
8
26
94
60
15
43
51
65
60
8
31
39
90
55
66
100
58
18
44
16
51
42
27
90
31
84
4
24
90
48
13
74
99
26
87
43
85
62
25
100
88
60
19
61
31
39
7
30
71
45
84
84
24
96
22
54
57
30
23
28
18
40
94
11
43
83
42
47
83
46
96
32
7
75
28
6
69
87
5
48
11
45
41
0
11
44
88
6
6
26
21
98
13
73
48
49
69
61
32
91
38
9
42
41
20
31
28
67
81
48
91
100
41
81
33
75
84
79
6
22
29
56
32
42
12
76
16
54
25
63
52
24
83
91
58
0
81
78
3
47
44
18
52
42
10
75
86
34
11
69
87
69
68
63
17
20
79
43
33
78
24
25
45
42
34
95
35
75
63
50
88
67
88
15
99
34
16
63
93
65
11
100
8
64
68
20
40
22
66
64
24
53
14
22
94
78
36
36
2
44
28
90
98
76
63
21
12
35
67
85
15
91
89
81
8
14
3
12
21
11
1
11
71
30
47
84
72
30
91
40
33
97
84
26
31
86
26
33
57
72
48
51
34
16
17
58
69
55
5
40
18
10
71
65
26
58
97
25
91
81
97
55
16
48
72
18
78
94
26
75
31
26
57
24
83
7
81
6
79
62
22
64
86
53
33
80
53
28
54
3
17
37
65
96
80
62
75
54
87
5
66
67
20
21
21
11
90
28
93
40
73
44
94
39
67
47
42
56
90
77
85
0
18
15
22
10
7
27
75
55
63
13
10
28
61
58
5
11
67
20
18
14
39
14
7
18
0
73
62
65
41
94
51
27
55
88
40
0
19
1
9
18
89
69
94
52
16
33
69
95
13
21
47
68
46
79
65
78
100
76
6
4
96
98
86
59
54
42
85
82
71
19
3
92
95
50
53
90
82
17
31
9
0
6
64
31
83
89
63
89
19
16
2
36
56
66
57
4
92
27
56
12
32
59
28
7
33
23
43
70
29
19
49
91
36
33
66
15
73
13
96
76
2
50
37
71
64
47
90
85
55
33
64
86
81
9
3
96
19
62
38
75
57
5
11
71
2
44
53
68
12
89
69
12
4
82
80
21
13
58
93
68
47
35
62
39
29
